[Result]
id=1231231
name=313
yearofbirth=1988
sex=1
enthnicity=Chinese
height=178
weight=63
measuretime=20170809_133237
site=LEFT_FOOT
sos=1550.51
bua=103.843
bqi=113.944
tscore=0.532889
zscore=0.575892
tscoreRatio=109.561
zscoreRatio=108.694
